183197205132166197198197132211202132183204205214200205132140149156151156132326228247132149153132179199216211198201214132149157149156159132214201215205
200201200132205210132183204205214200205141144132197208215211132207210211219210132197215132183204205214200205132183197205132166197198197144132219197215
132197210132173210200205197210132215212205214205216217197208132209197215216201214132219204211132219197215132197210200132205215132214201203197214200201
200132198221132204205215132200201218211216201201215132197215132197132215197205210216144132202197207205214144132197210200132215197216203217214217144132
197199199211214200205210203132216211132216204201205214132205210200205218205200217197208132212214211199208205218205216205201215132197210200132198201208
205201202215146132172201132219197215132214201218201214201200132198221132198211216204132204205215132172205210200217132197210200132177217215208205209132
200201218211216201201215144132197210200132200217214205210203144132197215132219201208208132197215132197202216201214144132204205215132208205202201132205
216132214201209197205210201200132217210199201214216197205210132205202132204201132219197215132197132172205210200217132211214132197132177217215208205209
132204205209215201208202146132184204205215132204211219201218201214132219197215132211202132210211132199211210215201213217201210199201132216211132183197
205132166197198197132204205209215201208202146191154193132183197205132166197198197132215216214201215215201200132216204201132205209212211214216197210199
201132211202132215217214214201210200201214132216211132216204201132203217205200197210199201132211202132216204201132216214217201132183197216203217214217
132211214132177217214215204205200144132219204211144132204197218205210203132203211210201132216204201132212197216204132216211132200205218205210201132199
211210215199205211217215210201215215132204205209215201208202144132219205208208132208201197200132216204201132200205215199205212208201132216204214211217
203204132216204201132206217210203208201132211202132215212205214205216217197208132216214197205210205210203146191155193110110183197205132166197198197132
214201209197205210215132197132218201214221132212211212217208197214132177197215216201214144191156193132201215212201199205197208208221132205210132173210
200205197144132197210200132205215132219211214215204205212201200132198221132212201211212208201132197214211217210200132216204201132219211214208200146132
172201132204197200132210211132208211218201132202211214132212201214205215204197198208201132216204205210203215132197210200132204205215132215211208201132
199211210199201214210132219197215132215201208202145214201197208205222197216205211210146132172201132216197217203204216132197132209211214197208132199211
200201132211202132208211218201144132202211214203205218201210201215215144132204201208212205210203132211216204201214215144132199204197214205216221144132
199211210216201210216209201210216144132205210210201214132212201197199201144132197210200132200201218211216205211210132216211132171211200132197210200132
203217214217146132172201132203197218201132210211132200205215216205210199216205211210132198197215201200132211210132214201208205203205211210132211214132
199197215216201146132183197205132166197198197139215132216201197199204205210203132199211209198205210201200132201208201209201210216215132211202132172205
210200217205215209132197210200132173215208197209158132204201132203197218201132216204201132172205210200217132210197209201132168219197214197207197209197
221205132216211132216204201132209211215213217201132204201132208205218201200132205210144191157193132212214197199216205215201200132177217215208205209132
214205216217197208215144132216197217203204216132217215205210203132219211214200215132197210200132202205203217214201215132216204197216132200214201219132
202214211209132198211216204132216214197200205216205211210215144132197210200132219197215132198217214205201200132205210132183204205214200205146132179210
201132211202132204205215132219201208208132207210211219210132201212205203214197209215144132134183197198207197132177197208205207132169207134132140134179
210201132171211200132203211218201214210215132197208208134141144132205215132197215215211199205197216201200132219205216204132172205210200217205215209144
132173215208197209132197210200132183217202205215209146132172201132197208215211132215197205200144132134184214217215216132205210132209201132197210200132
221211217214132212214197221201214132215204197208208132198201132197210215219201214201200134146132172201132197208219197221215132217216216201214201200132
134165208208197204132177197208205207134132140134171211200132205215132175205210203134141146191155193110