406660310260613041542467427671884115117126094060546235483808471883143149659409849704796417563770328938567385217256044088823574446479054705569371506358114824050501050026501240922341667360661958838513885918262976879888736103875829741704139891196012389
400566117744527654823835552667232786736821811843988882184718449604094541096984870873155035750609797626928605548672279024014654266537503824435305952541411834660368641338378850988453243994482387771357263429140440338138867255680180683828284270935586005
1901477386182926510809962784229428905205552228284252161099038825342629030994749384781989312138195687175159181205568131481187737255491042476769100829393561002971981227992210394855420155521077451427474328571860965572813604686719259541943930967412121251
1470035646352527221686031356012708438782410642712581076629873419282737523771065909061751235468571310146107306748782093924760801508651488615326804424285404882431459720713131181948223742329539669470013030494920063369957991666418975764396974880245455611
3944300373928490498091728335589957464497838242214818648113604670043823762411697891692407509932261052872620448469377165595281236707061402274896648449161846735761143647731312446669331235364868796338801598299339458538727898936423474559496753325170855899
5791468555020856859760813147670859220253487820983573912036428674102994516157693634515371012910111392567414723821420385645566116852291067309059473982914204368121186875637245924122422602207133786250567543282013395756053948298063641757387053408798282605
133163243684222009405886798662698159836767664503815978418607969798550322279367349529261473362695667045394465070392442979272489677280240032036107008771763344544963035105058294773727914005304466482436492303971852864865414580634424497714073663172180086
3030505535386266953588467726852716847616686231895256234119002161139430306866390856835962262872411002131348650352457493410459075835155720527882876276438739217272579976988721878863249939503499691997413624744946080501475365080439573111030081694207908316
7155472685916786959227417402824944748634826064900593322627055221435292595275160528753384063094034661822838463581349433603564851330762594539983617446968865350462607513244031024728580033103265643867503584091966587531518654487548722368750027835965806192
3827222624901385320371480424765310869559207644936122859217929673655387468127642112091129306976946609521511191117485035610905527691211288186473952530736991609698022874249581082702650103500162718237851032781390720609574754794733792492808864346970401320
6176710280327059444798976657457858768473604803648139733705156716614439036512843715775802660501629260648850871085642145492376962249487626104124995438229559726002685871722722267655472873142809127552190266408848873122465073548911261100543618349455457680
4726980549343614267021060647385892580753496357374621088050962545244393359174628302278740717885436705145187943557701998965431565660655872917183023620541314583942765364649631510840316017062687246616360659655903884852115151228360313100083053566336282125
4967432260523749916896859481421264530603621992246576870306531729527976043963487755871567668949648294775043342758211926807421206514134971809975292365305875172620156830291426405648560941278499739774306343927254284997414156581578892150990418513049138750
2167369957637512244764963368955650053771588112411238546378313421505813675350567547585630628081498933036019369904373255406016074821223638470596611144776225263227584967920989837926550235654825825713486757346757235004910446914127400915349883184089409423
5133754274577608625039622367672665202754572757165913182083212509084562678047971238225728764860716804428549506048474400018423407130854710157249661449441802010240930725545875968111042297107348081753500635234637032115313484930306843549413443062975194737
7086422876747293565309814629638563095910921002377278702679618122066010341791045398141816625796079543930172801612217026430954769081263739250798444243263815365338767781004188377047866520030201546603977185873196947589055267865785167515566210747308846790
1959428050602928185990237796577938982752400173859026835828218844930486707104487666940748938478627167621787049779663302307509083714258320666394449909952317536045537872377190554452736252176009738883795718532228679246553273634029921030877249339380872364
6614488466408648523066693221796812471775823603081470230292678857276773070853750930570220857017278939278556439316070901879253446175905322400822954278594547818141076517885729265249324992559717465094303046394045234008680286544297239419311681051293783065
968806421828120256337133487212118595377193270021435451743148761349996359889245416023519168352258217573500709880947877095219121838797820962658808830839844804413645989007110359238655473332936712748476713666224503028115492058743483191273992433986895474
1895854528733523398920414402830626050855207473075135046741256469937216852090807265576139773179397935394793920363229978276252727750371231152065589255235709772691286498726391524997836585622915021742416666739422517653876760596769383715185538340231932464
1336143310488191386338732752132621919030886805210977663831664940787844770493179525520433564933206661540394338402580859250658538724380105769739610854576120847989032245459998034881894782190763057573305567969631703123846428235098369797783141609972668273
2177358858894493355190654829240830920598715196270002573348586937122635457930061683426705185332182936813266766769497666554017459318278673226238928452300028825971061748704257807261305250181218426695842076551072028333036129468529446209458616703652459481
3310229643902389357106759256776315578679688988542079408143589142257548449058779435669002963085175955429123341930908623993592203535678012217434237366863651016006370308300650446261446588790230924715809802374724789648458595266556220832980743838989939969
381732148634869286476792596505842119366216781104984712750524867286696595530260133717738831316922763941246345257096589829575613604769272186850827648624595422619537486238331701390371227652602609477871984702180814595296134521973404174045297380172261587
4275469652135132758537947682404973019549514749454896933570431336362402362426312724508753147725788056162640697776378524182502940530935743383881997953447516923531346906537831467540477154214042550424186334431249556795093573693074626959499903794445923850
5815686093686572193175516386395713842870043240449548674990916767191360351410569323813235164557507450547822535204267586015497001533219015872806936981673879074282207646407985174756953129181752728488228811490116160631971108822826794345737311010322865675
6813518457430005689029463381873435191102632290532672688811958934133390890865437953803581357555811696589138709766767266125156613790586404121598403198771599089418092713167065735011791271101765737990673002554562602007290282329717750595556382992656765061
7099839723608869097200428845650111438579375755997174935618848561389381354196803960988343674186941195990587570736656673210293821630301273655430900799063231872616570887807024921467485961824710749125799400405279219287761074827793523011441851542492030165
5520262955898593799885889923560034497741162625443391495565987798849825963540745908021028462830509078812256739419932910865399652356623800975927547236974102681978308820194019957732300824789550039223679862648182396763573289365643018575060448296207276363
6594884142506853767048946112989666283177705689879017314101798379228581076087926810938487681053856958399083347029729739530370508970914479707777006962971433905187275603374303185484135527032365188568189403033804451368954635287940981234159517472737581476
3801012477455906094554648147026127758164092632430169377780152116970693414511220192412140211380356635698689411576213606670997140598941374723921240119201148236083141661570950068498340770723629461900270372003315382274167196098401725253107911367649019944
